$ANSIBLE_VAULT;1.1;AES256
30343761613865656235343964656430626163633937343039303163643639653231386333666537
6636633265303465356538323964333934653466663931350a633738666436613261343432623532
31633032396433373764313861616566633764356163343962663463626333636462616339663636
3039373533316163360a323061353062623635356536643332383130346663663332663630623237
33313461646561323363323133313737666237636432373139313262646634316236343966386264
32383234633930393830356634303363666366323239323132356333363336346430633666636134
64323966626133343732646166356433316261366132626638363831303236306536313832383366
33633466666162313037633630373362666231643332373237633732396366323162386464613664
39376235656638313963623566333465383139376366373933316539346639306264613238326661
32623636646431303230336565396663303661353966366134366263626661343033343936636461
64393566633832306535383866616433346131333736613731353961646633393862396631653136
64623966386262336466626435646361393836343436643561353664633137326635383832376364
36396332353965343937356434653933333037353130653163656333386137346562643031353330
31333965366230383237383338343339396639323162396230396130613531383132663534303731
37346135316464666561373638376265363832353562383366386661633266313666666661363333
30363163313934383335653865316236306136636438356432353133626133626136646435363739
64303530633737326431653936666435353637326636663633313037643865613433646231616438
39343239353936383363663165323266366662376664616362623261376234316466376664663135
32613839666439663930656533343935356263626230393831636536653730363362343566383565
33663463316335376664376233356461663538633764376635353031373635636131343538393139
66313163353037346365643636616464616161656334346439373764343835613766376435366462
38636635343736623563326131363265376365656165636364346664313238663737613837653132
37383665623964366566643934636237623265643436666630626437343462336166663739643934
38633934303331333934
